data01 c 0.708244 -0.0235112 0.36 1.57 0 0
data02 c 0.709244 -0.0245112 0.37 1.57 0 0
data03 c 0.710244 -0.0255112 0.38 1.57 0 0
data04 c 0.711244 -0.0265112 0.39 1.57 0 0
data05 c 0.712244 -0.0275112 0.36 1.57 0 0
data06 c 0.713244 -0.0285112 0.37 1.57 0 0
data07 c 0.714244 -0.0295112 0.38 1.57 0 0
data08 c 0.715244 -0.0305112 0.39 1.57 0 0
data09 c 0.716244 -0.0315112 0.36 1.57 0 0
data10 c 0.717244 -0.0325112 0.37 1.57 0 0
data11 c 0.718244 -0.0335112 0.38 1.57 0 0
data12 c 0.719244 -0.0345112 0.39 1.57 0 0
data13 c 0.720244 -0.0355112 0.36 1.57 0 0
data14 c 0.721244 -0.0365112 0.37 1.57 0 0
data15 c 0.722244 -0.0375112 0.38 1.57 0 0
data16 c 0.723244 -0.0385112 0.39 1.57 0 0
data17 c 0.724244 -0.0395112 0.36 1.57 0 0
data18 c 0.725244 -0.0405112 0.37 1.57 0 0
data19 c 0.726244 -0.0415112 0.38 1.57 0 0
data20 c 0.716244 -0.0415112 0.38 1.57 0 0
