-0.591882 -0.0400038 0.227839 -0.0184478 3.0869 1.53349 
-0.597799 -0.0399004 0.227872 -0.00924412 3.08576 1.53439 
-0.603715 -0.0398059 0.227918 -4.04639e-05 3.08461 1.53529 
-0.609633 -0.0397095 0.22803 0.0091632 3.08347 1.5362 
-0.61555 -0.0396063 0.228142 0.0183669 3.08232 1.5371 
-0.621465 -0.0395154 0.228122 0.0275705 3.08118 1.538 
-0.625665 -0.0400558 0.228022 0.0193368 3.07432 1.53709 
-0.62986 -0.0406211 0.227958 0.0111032 3.06746 1.53617 
-0.634034 -0.0412595 0.227962 0.00286951 3.06059 1.53525 
-0.638127 -0.0421711 0.227957 -0.00536416 3.05373 1.53433 
-0.641926 -0.0440661 0.227884 -0.0135978 3.04687 1.53341 
-0.645455 -0.0487352 0.227703 -0.0135978 3.04687 1.53341 
-0.646192 -0.0585991 0.227252 -0.000878497 3.11954 1.53518 
-0.643106 -0.0630341 0.226993 0.00516402 3.1241 1.53542 
-0.639063 -0.0639871 0.226878 0.0112065 3.12867 1.53566 
-0.634748 -0.0638152 0.226837 0.0172491 3.13324 1.53591 
-0.630367 -0.0636011 0.226838 0.0232916 3.1378 1.53615 
-0.625973 -0.0635026 0.226884 0.0293341 -3.14082 1.53639 
-0.620498 -0.0635926 0.226973 0.0245427 -3.14158 1.53621 
-0.615031 -0.0638525 0.226977 0.0197512 -3.14233 1.53602 
-0.609584 -0.0642333 0.226896 0.0149598 -3.14309 1.53584 
-0.604207 -0.0648793 0.226831 0.0101683 -3.14385 1.53565 
-0.599084 -0.0664651 0.226847 0.00537692 3.13858 1.53547 
-0.59534 -0.0714109 0.22694 0.00537692 3.13858 1.53547 
-0.590256 -0.0842398 0.227083 -0.0387785 -3.09933 1.53532 
-0.59525 -0.088333 0.227217 -0.0232006 -3.09404 1.53508 
-0.601353 -0.0889269 0.227272 -0.00762262 -3.08876 1.53484 
-0.607768 -0.0885421 0.227331 0.00795533 -3.08347 1.5346 
-0.614268 -0.0878857 0.227348 0.0235333 -3.07819 1.53436 
-0.620791 -0.0871588 0.227265 0.0391112 -3.07291 1.53412 
-0.625067 -0.0874512 0.227268 0.0317846 -3.07718 1.53434 
-0.629339 -0.0877574 0.227293 0.024458 -3.08146 1.53456 
-0.633587 -0.0881355 0.22734 0.0171314 -3.08573 1.53478 
-0.637746 -0.088778 0.2274 0.00980485 -3.09 1.535 
-0.64159 -0.0903687 0.227515 0.00247825 -3.09428 1.53522 
-0.645022 -0.0948977 0.227853 0.00247825 -3.09428 1.53522 
-0.642861 -0.105311 0.228516 -0.010949 -3.03107 1.53601 
-0.639618 -0.110027 0.228819 -0.00562609 -3.03033 1.53562 
-0.635489 -0.111423 0.228892 -0.000303206 -3.02959 1.53523 
-0.631113 -0.111872 0.228913 0.00501968 -3.02884 1.53485 
-0.626669 -0.112068 0.228945 0.0103426 -3.0281 1.53446 
-0.622205 -0.11218 0.229014 0.0156654 -3.02735 1.53407 
-0.617099 -0.112964 0.229183 0.0142823 -3.03336 1.53423 
-0.611996 -0.113793 0.229254 0.0128992 -3.03936 1.53438 
-0.606913 -0.114712 0.229216 0.0115161 -3.04536 1.53454 
-0.601906 -0.115898 0.229215 0.010133 -3.05137 1.53469 
-0.59717 -0.118002 0.229417 0.00874983 -3.05737 1.53485 
-0.593524 -0.122868 0.230079 0.00874983 -3.05737 1.53485 
-0.591295 -0.130921 0.231314 -0.0089449 -2.96751 1.53643 
-0.595164 -0.135572 0.232018 -0.00574142 -2.96843 1.53601 
-0.600073 -0.136775 0.232261 -0.00253795 -2.96935 1.53559 
-0.605273 -0.137008 0.232388 0.000665519 -2.97026 1.53517 
-0.610555 -0.13699 0.232493 0.00386899 -2.97118 1.53474 
-0.61586 -0.1369 0.232523 0.00707246 -2.9721 1.53432 
-0.620668 -0.136576 0.232417 0.00523373 -2.97049 1.53456 
-0.625479 -0.136268 0.23229 0.00339499 -2.96889 1.5348 
-0.630289 -0.135948 0.232173 0.00155626 -2.96729 1.53504 
-0.6351 -0.135608 0.232083 -0.000282476 -2.96568 1.53528 
-0.639912 -0.135279 0.232028 -0.00212121 -2.96408 1.53553 
-0.64491 -0.135113 0.232053 -0.00212121 -2.96408 1.53553 
